timescale 0.5
-60.0000 -2.4269
-59.9000 -2.3933
-59.8000 -2.3602
-59.7000 -2.3276
-59.6000 -2.2954
-59.5000 -2.2637
-59.4000 -2.2325
-59.3000 -2.2018
-59.2000 -2.1717
-59.1000 -2.1420
-59.0000 -2.1129
-58.9000 -2.0844
-58.8000 -2.0564
-58.7000 -2.0290
-58.6000 -2.0022
-58.5000 -1.9760
-58.4000 -1.9504
-58.3000 -1.9255
-58.2000 -1.9011
-58.1000 -1.8774
-58.0000 -1.8543
-57.9000 -1.8319
-57.8000 -1.8102
-57.7000 -1.7892
-57.6000 -1.7688
-57.5000 -1.7491
-57.4000 -1.7301
-57.3000 -1.7118
-57.2000 -1.6943
-57.1000 -1.6774
-57.0000 -1.6613
-56.9000 -1.6460
-56.8000 -1.6313
-56.7000 -1.6175
-56.6000 -1.6043
-56.5000 -1.5920
-56.4000 -1.5804
-56.3000 -1.5695
-56.2000 -1.5594
-56.1000 -1.5502
-56.0000 -1.5416
-55.9000 -1.5339
-55.8000 -1.5270
-55.7000 -1.5208
-55.6000 -1.5155
-55.5000 -1.5109
-55.4000 -1.5071
-55.3000 -1.5041
-55.2000 -1.5020
-55.1000 -1.5006
-55.0000 -1.5000
-54.9000 -1.5002
-54.8000 -1.5013
-54.7000 -1.5031
-54.6000 -1.5057
-54.5000 -1.5091
-54.4000 -1.5133
-54.3000 -1.5184
-54.2000 -1.5242
-54.1000 -1.5307
-54.0000 -1.5381
-53.9000 -1.5463
-53.8000 -1.5552
-53.7000 -1.5650
-53.6000 -1.5755
-53.5000 -1.5867
-53.4000 -1.5988
-53.3000 -1.6116
-53.2000 -1.6251
-53.1000 -1.6394
-53.0000 -1.6544
-52.9000 -1.6702
-52.8000 -1.6867
-52.7000 -1.7040
-52.6000 -1.7219
-52.5000 -1.7406
-52.4000 -1.7600
-52.3000 -1.7800
-52.2000 -1.8008
-52.1000 -1.8222
-52.0000 -1.8443
-51.9000 -1.8671
-51.8000 -1.8905
-51.7000 -1.9146
-51.6000 -1.9393
-51.5000 -1.9646
-51.4000 -1.9906
-51.3000 -2.0171
-51.2000 -2.0442
-51.1000 -2.0720
-51.0000 -2.1003
-50.9000 -2.1291
-50.8000 -2.1585
-50.7000 -2.1884
-50.6000 -2.2189
-50.5000 -2.2499
-50.4000 -2.2813
-50.3000 -2.3133
-50.2000 -2.3457
-50.1000 -2.3786
-50.0000 -2.4120
-49.9000 -2.4457
-49.8000 -2.4799
-49.7000 -2.5145
-49.6000 -2.5495
-49.5000 -2.5849
-49.4000 -2.6207
-49.3000 -2.6568
-49.2000 -2.6932
-49.1000 -2.7300
-49.0000 -2.7670
-48.9000 -2.8044
-48.8000 -2.8420
-48.7000 -2.8799
-48.6000 -2.9181
-48.5000 -2.9565
-48.4000 -2.9951
-48.3000 -3.0339
-48.2000 -3.0729
-48.1000 -3.1120
-48.0000 -3.1513
-47.9000 -3.1908
-47.8000 -3.2304
-47.7000 -3.2701
-47.6000 -3.3098
-47.5000 -3.3497
-47.4000 -3.3896
-47.3000 -3.4296
-47.2000 -3.4696
-47.1000 -3.5096
-47.0000 -3.5496
-46.9000 -3.5895
-46.8000 -3.6295
-46.7000 -3.6694
-46.6000 -3.7092
-46.5000 -3.7489
-46.4000 -3.7885
-46.3000 -3.8281
-46.2000 -3.8675
-46.1000 -3.9067
-46.0000 -3.9458
-45.9000 -3.9847
-45.8000 -4.0234
-45.7000 -4.0619
-45.6000 -4.1002
-45.5000 -4.1382
-45.4000 -4.1760
-45.3000 -4.2135
-45.2000 -4.2507
-45.1000 -4.2876
-45.0000 -4.3242
-44.9000 -4.3605
-44.8000 -4.3964
-44.7000 -4.4320
-44.6000 -4.4672
-44.5000 -4.5020
-44.4000 -4.5365
-44.3000 -4.5705
-44.2000 -4.6040
-44.1000 -4.6372
-44.0000 -4.6698
-43.9000 -4.7020
-43.8000 -4.7338
-43.7000 -4.7650
-43.6000 -4.7957
-43.5000 -4.8259
-43.4000 -4.8556
-43.3000 -4.8848
-43.2000 -4.9133
-43.1000 -4.9414
-43.0000 -4.9688
-42.9000 -4.9956
-42.8000 -5.0219
-42.7000 -5.0475
-42.6000 -5.0726
-42.5000 -5.0970
-42.4000 -5.1207
-42.3000 -5.1438
-42.2000 -5.1663
-42.1000 -5.1881
-42.0000 -5.2092
-41.9000 -5.2296
-41.8000 -5.2494
-41.7000 -5.2684
-41.6000 -5.2867
-41.5000 -5.3043
-41.4000 -5.3212
-41.3000 -5.3374
-41.2000 -5.3528
-41.1000 -5.3675
-41.0000 -5.3815
-40.9000 -5.3947
-40.8000 -5.4071
-40.7000 -5.4187
-40.6000 -5.4297
-40.5000 -5.4398
-40.4000 -5.4491
-40.3000 -5.4577
-40.2000 -5.4655
-40.1000 -5.4725
-40.0000 -5.4787
-39.9000 -5.4841
-39.8000 -5.4888
-39.7000 -5.4926
-39.6000 -5.4956
-39.5000 -5.4979
-39.4000 -5.4993
-39.3000 -5.5000
-39.2000 -5.4998
-39.1000 -5.4988
-39.0000 -5.4971
-38.9000 -5.4945
-38.8000 -5.4912
-38.7000 -5.4870
-38.6000 -5.4821
-38.5000 -5.4763
-38.4000 -5.4698
-38.3000 -5.4625
-38.2000 -5.4544
-38.1000 -5.4455
-38.0000 -5.4358
-37.9000 -5.4254
-37.8000 -5.4142
-37.7000 -5.4022
-37.6000 -5.3895
-37.5000 -5.3760
-37.4000 -5.3618
-37.3000 -5.3468
-37.2000 -5.3311
-37.1000 -5.3146
-37.0000 -5.2974
-36.9000 -5.2795
-36.8000 -5.2609
-36.7000 -5.2416
-36.6000 -5.2216
-36.5000 -5.2009
-36.4000 -5.1795
-36.3000 -5.1574
-36.2000 -5.1347
-36.1000 -5.1114
-36.0000 -5.0873
-35.9000 -5.0627
-35.8000 -5.0374
-35.7000 -5.0115
-35.6000 -4.9850
-35.5000 -4.9579
-35.4000 -4.9303
-35.3000 -4.9020
-35.2000 -4.8732
-35.1000 -4.8439
-35.0000 -4.8140
-34.9000 -4.7836
-34.8000 -4.7526
-34.7000 -4.7212
-34.6000 -4.6893
-34.5000 -4.6569
-34.4000 -4.6240
-34.3000 -4.5907
-34.2000 -4.5570
-34.1000 -4.5228
-34.0000 -4.4882
-33.9000 -4.4533
-33.8000 -4.4179
-33.7000 -4.3822
-33.6000 -4.3461
-33.5000 -4.3097
-33.4000 -4.2730
-33.3000 -4.2359
-33.2000 -4.1986
-33.1000 -4.1610
-33.0000 -4.1231
-32.9000 -4.0850
-32.8000 -4.0466
-32.7000 -4.0080
-32.6000 -3.9692
-32.5000 -3.9302
-32.4000 -3.8911
-32.3000 -3.8518
-32.2000 -3.8123
-32.1000 -3.7728
-32.0000 -3.7331
-31.9000 -3.6933
-31.8000 -3.6535
-31.7000 -3.6136
-31.6000 -3.5736
-31.5000 -3.5336
-31.4000 -3.4936
-31.3000 -3.4536
-31.2000 -3.4137
-31.1000 -3.3737
-31.0000 -3.3338
-30.9000 -3.2940
-30.8000 -3.2543
-30.7000 -3.2146
-30.6000 -3.1751
-30.5000 -3.1357
-30.4000 -3.0964
-30.3000 -3.0573
-30.2000 -3.0184
-30.1000 -2.9797
-30.0000 -2.9412
-29.9000 -2.9029
-29.8000 -2.8648
-29.7000 -2.8270
-29.6000 -2.7895
-29.5000 -2.7522
-29.4000 -2.7153
-29.3000 -2.6787
-29.2000 -2.6424
-29.1000 -2.6064
-29.0000 -2.5708
-28.9000 -2.5356
-28.8000 -2.5007
-28.7000 -2.4663
-28.6000 -2.4322
-28.5000 -2.3986
-28.4000 -2.3655
-28.3000 -2.3328
-28.2000 -2.3005
-28.1000 -2.2687
-28.0000 -2.2375
-27.9000 -2.2067
-27.8000 -2.1764
-27.7000 -2.1467
-27.6000 -2.1175
-27.5000 -2.0889
-27.4000 -2.0609
-27.3000 -2.0334
-27.2000 -2.0065
-27.1000 -1.9802
-27.0000 -1.9545
-26.9000 -1.9294
-26.8000 -1.9049
-26.7000 -1.8811
-26.6000 -1.8580
-26.5000 -1.8355
-26.4000 -1.8136
-26.3000 -1.7925
-26.2000 -1.7720
-26.1000 -1.7522
-26.0000 -1.7331
-25.9000 -1.7147
-25.8000 -1.6970
-25.7000 -1.6801
-25.6000 -1.6639
-25.5000 -1.6484
-25.4000 -1.6336
-25.3000 -1.6196
-25.2000 -1.6064
-25.1000 -1.5939
-25.0000 -1.5822
-24.9000 -1.5712
-24.8000 -1.5610
-24.7000 -1.5516
-24.6000 -1.5429
-24.5000 -1.5351
-24.4000 -1.5280
-24.3000 -1.5217
-24.2000 -1.5163
-24.1000 -1.5116
-24.0000 -1.5077
-23.9000 -1.5046
-23.8000 -1.5023
-23.7000 -1.5008
-23.6000 -1.5001
-23.5000 -1.5002
-23.4000 -1.5010
-23.3000 -1.5027
-23.2000 -1.5052
-23.1000 -1.5085
-23.0000 -1.5126
-22.9000 -1.5175
-22.8000 -1.5232
-22.7000 -1.5296
-22.6000 -1.5369
-22.5000 -1.5449
-22.4000 -1.5538
-22.3000 -1.5634
-22.2000 -1.5737
-22.1000 -1.5849
-22.0000 -1.5968
-21.9000 -1.6095
-21.8000 -1.6229
-21.7000 -1.6371
-21.6000 -1.6520
-21.5000 -1.6677
-21.4000 -1.6841
-21.3000 -1.7012
-21.2000 -1.7190
-21.1000 -1.7376
-21.0000 -1.7568
-20.9000 -1.7768
-20.8000 -1.7975
-20.7000 -1.8188
-20.6000 -1.8408
-20.5000 -1.8634
-20.4000 -1.8868
-20.3000 -1.9107
-20.2000 -1.9353
-20.1000 -1.9606
-20.0000 -1.9864
-19.9000 -2.0128
-19.8000 -2.0399
-19.7000 -2.0675
-19.6000 -2.0957
-19.5000 -2.1245
-19.4000 -2.1538
-19.3000 -2.1836
-19.2000 -2.2140
-19.1000 -2.2449
-19.0000 -2.2763
-18.9000 -2.3082
-18.8000 -2.3405
-18.7000 -2.3733
-18.6000 -2.4066
-18.5000 -2.4403
-18.4000 -2.4745
-18.3000 -2.5090
-18.2000 -2.5439
-18.1000 -2.5793
-18.0000 -2.6150
-17.9000 -2.6510
-17.8000 -2.6874
-17.7000 -2.7241
-17.6000 -2.7611
-17.5000 -2.7984
-17.4000 -2.8360
-17.3000 -2.8739
-17.2000 -2.9120
-17.1000 -2.9504
-17.0000 -2.9889
-16.9000 -3.0277
-16.8000 -3.0666
-16.7000 -3.1058
-16.6000 -3.1451
-16.5000 -3.1845
-16.4000 -3.2241
-16.3000 -3.2637
-16.2000 -3.3035
-16.1000 -3.3433
-16.0000 -3.3833
-15.9000 -3.4232
-15.8000 -3.4632
-15.7000 -3.5032
-15.6000 -3.5432
-15.5000 -3.5832
-15.4000 -3.6231
-15.3000 -3.6630
-15.2000 -3.7028
-15.1000 -3.7426
-15.0000 -3.7822
-14.9000 -3.8218
-14.8000 -3.8612
-14.7000 -3.9005
-14.6000 -3.9396
-14.5000 -3.9785
-14.4000 -4.0172
-14.3000 -4.0558
-14.2000 -4.0941
-14.1000 -4.1322
-14.0000 -4.1700
-13.9000 -4.2075
-13.8000 -4.2448
-13.7000 -4.2818
-13.6000 -4.3184
-13.5000 -4.3548
-13.4000 -4.3907
-13.3000 -4.4264
-13.2000 -4.4616
-13.1000 -4.4965
-13.0000 -4.5310
-12.9000 -4.5651
-12.8000 -4.5987
-12.7000 -4.6319
-12.6000 -4.6647
-12.5000 -4.6969
-12.4000 -4.7287
-12.3000 -4.7601
-12.2000 -4.7909
-12.1000 -4.8212
-12.0000 -4.8509
-11.9000 -4.8801
-11.8000 -4.9088
-11.7000 -4.9369
-11.6000 -4.9645
-11.5000 -4.9914
-11.4000 -5.0178
-11.3000 -5.0435
-11.2000 -5.0686
-11.1000 -5.0931
-11.0000 -5.1170
-10.9000 -5.1402
-10.8000 -5.1628
-10.7000 -5.1847
-10.6000 -5.2059
-10.5000 -5.2264
-10.4000 -5.2463
-10.3000 -5.2654
-10.2000 -5.2839
-10.1000 -5.3016
-10.0000 -5.3186
-9.9000 -5.3349
-9.8000 -5.3504
-9.7000 -5.3652
-9.6000 -5.3793
-9.5000 -5.3926
-9.4000 -5.4052
-9.3000 -5.4169
-9.2000 -5.4280
-9.1000 -5.4382
-9.0000 -5.4477
-8.9000 -5.4564
-8.8000 -5.4643
-8.7000 -5.4714
-8.6000 -5.4778
-8.5000 -5.4833
-8.4000 -5.4881
-8.3000 -5.4920
-8.2000 -5.4952
-8.1000 -5.4976
-8.0000 -5.4991
-7.9000 -5.4999
-7.8000 -5.4999
-7.7000 -5.4991
-7.6000 -5.4974
-7.5000 -5.4950
-7.4000 -5.4918
-7.3000 -5.4877
-7.2000 -5.4829
-7.1000 -5.4773
-7.0000 -5.4709
-6.9000 -5.4637
-6.8000 -5.4557
-6.7000 -5.4470
-6.6000 -5.4374
-6.5000 -5.4271
-6.4000 -5.4160
-6.3000 -5.4042
-6.2000 -5.3916
-6.1000 -5.3782
-6.0000 -5.3641
-5.9000 -5.3492
-5.8000 -5.3336
-5.7000 -5.3173
-5.6000 -5.3002
-5.5000 -5.2824
-5.4000 -5.2639
-5.3000 -5.2447
-5.2000 -5.2248
-5.1000 -5.2042
-5.0000 -5.1829
-4.9000 -5.1610
-4.8000 -5.1384
-4.7000 -5.1151
-4.6000 -5.0912
-4.5000 -5.0667
-4.4000 -5.0415
-4.3000 -5.0157
-4.2000 -4.9893
-4.1000 -4.9623
-4.0000 -4.9347
-3.9000 -4.9066
-3.8000 -4.8778
-3.7000 -4.8486
-3.6000 -4.8188
-3.5000 -4.7884
-3.4000 -4.7576
-3.3000 -4.7262
-3.2000 -4.6944
-3.1000 -4.6621
-3.0000 -4.6293
-2.9000 -4.5960
-2.8000 -4.5624
-2.7000 -4.5283
-2.6000 -4.4938
-2.5000 -4.4589
-2.4000 -4.4236
-2.3000 -4.3879
-2.2000 -4.3519
-2.1000 -4.3155
-2.0000 -4.2788
-1.9000 -4.2418
-1.8000 -4.2045
-1.7000 -4.1670
-1.6000 -4.1291
-1.5000 -4.0910
-1.4000 -4.0527
-1.3000 -4.0142
-1.2000 -3.9754
-1.1000 -3.9365
-1.0000 -3.8973
-0.9000 -3.8581
-0.8000 -3.8186
-0.7000 -3.7791
-0.6000 -3.7394
-0.5000 -3.6997
-0.4000 -3.6598
-0.3000 -3.6199
-0.2000 -3.5800
-0.1000 -3.5400
0.0000 -3.5000
0.1000 -3.4600
0.2000 -3.4200
0.3000 -3.3801
0.4000 -3.3402
0.5000 -3.3003
0.6000 -3.2606
0.7000 -3.2209
0.8000 -3.1814
0.9000 -3.1419
1.0000 -3.1027
1.1000 -3.0635
1.2000 -3.0246
1.3000 -2.9858
1.4000 -2.9473
1.5000 -2.9090
1.6000 -2.8709
1.7000 -2.8330
1.8000 -2.7955
1.9000 -2.7582
2.0000 -2.7212
2.1000 -2.6845
2.2000 -2.6481
2.3000 -2.6121
2.4000 -2.5764
2.5000 -2.5411
2.6000 -2.5062
2.7000 -2.4717
2.8000 -2.4376
2.9000 -2.4040
3.0000 -2.3707
3.1000 -2.3379
3.2000 -2.3056
3.3000 -2.2738
3.4000 -2.2424
3.5000 -2.2116
3.6000 -2.1812
3.7000 -2.1514
3.8000 -2.1222
3.9000 -2.0934
4.0000 -2.0653
4.1000 -2.0377
4.2000 -2.0107
4.3000 -1.9843
4.4000 -1.9585
4.5000 -1.9333
4.6000 -1.9088
4.7000 -1.8849
4.8000 -1.8616
4.9000 -1.8390
5.0000 -1.8171
5.1000 -1.7958
5.2000 -1.7752
5.3000 -1.7553
5.4000 -1.7361
5.5000 -1.7176
5.6000 -1.6998
5.7000 -1.6827
5.8000 -1.6664
5.9000 -1.6508
6.0000 -1.6359
6.1000 -1.6218
6.2000 -1.6084
6.3000 -1.5958
6.4000 -1.5840
6.5000 -1.5729
6.6000 -1.5626
6.7000 -1.5530
6.8000 -1.5443
6.9000 -1.5363
7.0000 -1.5291
7.1000 -1.5227
7.2000 -1.5171
7.3000 -1.5123
7.4000 -1.5082
7.5000 -1.5050
7.6000 -1.5026
7.7000 -1.5009
7.8000 -1.5001
7.9000 -1.5001
8.0000 -1.5009
8.1000 -1.5024
8.2000 -1.5048
8.3000 -1.5080
8.4000 -1.5119
8.5000 -1.5167
8.6000 -1.5222
8.7000 -1.5286
8.8000 -1.5357
8.9000 -1.5436
9.0000 -1.5523
9.1000 -1.5618
9.2000 -1.5720
9.3000 -1.5831
9.4000 -1.5948
9.5000 -1.6074
9.6000 -1.6207
9.7000 -1.6348
9.8000 -1.6496
9.9000 -1.6651
10.0000 -1.6814
10.1000 -1.6984
10.2000 -1.7161
10.3000 -1.7346
10.4000 -1.7537
10.5000 -1.7736
10.6000 -1.7941
10.7000 -1.8153
10.8000 -1.8372
10.9000 -1.8598
11.0000 -1.8830
11.1000 -1.9069
11.2000 -1.9314
11.3000 -1.9565
11.4000 -1.9822
11.5000 -2.0086
11.6000 -2.0355
11.7000 -2.0631
11.8000 -2.0912
11.9000 -2.1199
12.0000 -2.1491
12.1000 -2.1788
12.2000 -2.2091
12.3000 -2.2399
12.4000 -2.2713
12.5000 -2.3031
12.6000 -2.3353
12.7000 -2.3681
12.8000 -2.4013
12.9000 -2.4349
13.0000 -2.4690
13.1000 -2.5035
13.2000 -2.5384
13.3000 -2.5736
13.4000 -2.6093
13.5000 -2.6452
13.6000 -2.6816
13.7000 -2.7182
13.8000 -2.7552
13.9000 -2.7925
14.0000 -2.8300
14.1000 -2.8678
14.2000 -2.9059
14.3000 -2.9442
14.4000 -2.9828
14.5000 -3.0215
14.6000 -3.0604
14.7000 -3.0995
14.8000 -3.1388
14.9000 -3.1782
15.0000 -3.2178
15.1000 -3.2574
15.2000 -3.2972
15.3000 -3.3370
15.4000 -3.3769
15.5000 -3.4168
15.6000 -3.4568
15.7000 -3.4968
15.8000 -3.5368
15.9000 -3.5768
16.0000 -3.6167
16.1000 -3.6567
16.2000 -3.6965
16.3000 -3.7363
16.4000 -3.7759
16.5000 -3.8155
16.6000 -3.8549
16.7000 -3.8942
16.8000 -3.9334
16.9000 -3.9723
17.0000 -4.0111
17.1000 -4.0496
17.2000 -4.0880
17.3000 -4.1261
17.4000 -4.1640
17.5000 -4.2016
17.6000 -4.2389
17.7000 -4.2759
17.8000 -4.3126
17.9000 -4.3490
18.0000 -4.3850
18.1000 -4.4207
18.2000 -4.4561
18.3000 -4.4910
18.4000 -4.5255
18.5000 -4.5597
18.6000 -4.5934
18.7000 -4.6267
18.8000 -4.6595
18.9000 -4.6918
19.0000 -4.7237
19.1000 -4.7551
19.2000 -4.7860
19.3000 -4.8164
19.4000 -4.8462
19.5000 -4.8755
19.6000 -4.9043
19.7000 -4.9325
19.8000 -4.9601
19.9000 -4.9872
20.0000 -5.0136
20.1000 -5.0394
20.2000 -5.0647
20.3000 -5.0893
20.4000 -5.1132
20.5000 -5.1366
20.6000 -5.1592
20.7000 -5.1812
20.8000 -5.2025
20.9000 -5.2232
21.0000 -5.2432
21.1000 -5.2624
21.2000 -5.2810
21.3000 -5.2988
21.4000 -5.3159
21.5000 -5.3323
21.6000 -5.3480
21.7000 -5.3629
21.8000 -5.3771
21.9000 -5.3905
22.0000 -5.4032
22.1000 -5.4151
22.2000 -5.4263
22.3000 -5.4366
22.4000 -5.4462
22.5000 -5.4551
22.6000 -5.4631
22.7000 -5.4704
22.8000 -5.4768
22.9000 -5.4825
23.0000 -5.4874
23.1000 -5.4915
23.2000 -5.4948
23.3000 -5.4973
23.4000 -5.4990
23.5000 -5.4998
23.6000 -5.4999
23.7000 -5.4992
23.8000 -5.4977
23.9000 -5.4954
24.0000 -5.4923
24.1000 -5.4884
24.2000 -5.4837
24.3000 -5.4783
24.4000 -5.4720
24.5000 -5.4649
24.6000 -5.4571
24.7000 -5.4484
24.8000 -5.4390
24.9000 -5.4288
25.0000 -5.4178
25.1000 -5.4061
25.2000 -5.3936
25.3000 -5.3804
25.4000 -5.3664
25.5000 -5.3516
25.6000 -5.3361
25.7000 -5.3199
25.8000 -5.3030
25.9000 -5.2853
26.0000 -5.2669
26.1000 -5.2478
26.2000 -5.2280
26.3000 -5.2075
26.4000 -5.1864
26.5000 -5.1645
26.6000 -5.1420
26.7000 -5.1189
26.8000 -5.0951
26.9000 -5.0706
27.0000 -5.0455
27.1000 -5.0198
27.2000 -4.9935
27.3000 -4.9666
27.4000 -4.9391
27.5000 -4.9111
27.6000 -4.8825
27.7000 -4.8533
27.8000 -4.8236
27.9000 -4.7933
28.0000 -4.7625
28.1000 -4.7313
28.2000 -4.6995
28.3000 -4.6672
28.4000 -4.6345
28.5000 -4.6014
28.6000 -4.5678
28.7000 -4.5337
28.8000 -4.4993
28.9000 -4.4644
29.0000 -4.4292
29.1000 -4.3936
29.2000 -4.3576
29.3000 -4.3213
29.4000 -4.2847
29.5000 -4.2478
29.6000 -4.2105
29.7000 -4.1730
29.8000 -4.1352
29.9000 -4.0971
30.0000 -4.0588
30.1000 -4.0203
30.2000 -3.9816
30.3000 -3.9427
30.4000 -3.9036
30.5000 -3.8643
30.6000 -3.8249
30.7000 -3.7854
30.8000 -3.7457
30.9000 -3.7060
31.0000 -3.6662
31.1000 -3.6263
31.2000 -3.5863
31.3000 -3.5464
31.4000 -3.5064
31.5000 -3.4664
31.6000 -3.4264
31.7000 -3.3864
31.8000 -3.3465
31.9000 -3.3067
32.0000 -3.2669
32.1000 -3.2272
32.2000 -3.1877
32.3000 -3.1482
32.4000 -3.1089
32.5000 -3.0698
32.6000 -3.0308
32.7000 -2.9920
32.8000 -2.9534
32.9000 -2.9150
33.0000 -2.8769
33.1000 -2.8390
33.2000 -2.8014
33.3000 -2.7641
33.4000 -2.7270
33.5000 -2.6903
33.6000 -2.6539
33.7000 -2.6178
33.8000 -2.5821
33.9000 -2.5467
34.0000 -2.5118
34.1000 -2.4772
34.2000 -2.4430
34.3000 -2.4093
34.4000 -2.3760
34.5000 -2.3431
34.6000 -2.3107
34.7000 -2.2788
34.8000 -2.2474
34.9000 -2.2164
35.0000 -2.1860
35.1000 -2.1561
35.2000 -2.1268
35.3000 -2.0980
35.4000 -2.0697
35.5000 -2.0421
35.6000 -2.0150
35.7000 -1.9885
35.8000 -1.9626
35.9000 -1.9373
36.0000 -1.9127
36.1000 -1.8886
36.2000 -1.8653
36.3000 -1.8426
36.4000 -1.8205
36.5000 -1.7991
36.6000 -1.7784
36.7000 -1.7584
36.8000 -1.7391
36.9000 -1.7205
37.0000 -1.7026
37.1000 -1.6854
37.2000 -1.6689
37.3000 -1.6532
37.4000 -1.6382
37.5000 -1.6240
37.6000 -1.6105
37.7000 -1.5978
37.8000 -1.5858
37.9000 -1.5746
38.0000 -1.5642
38.1000 -1.5545
38.2000 -1.5456
38.3000 -1.5375
38.4000 -1.5302
38.5000 -1.5237
38.6000 -1.5179
38.7000 -1.5130
38.8000 -1.5088
38.9000 -1.5055
39.0000 -1.5029
39.1000 -1.5012
39.2000 -1.5002
39.3000 -1.5000
39.4000 -1.5007
39.5000 -1.5021
39.6000 -1.5044
39.7000 -1.5074
39.8000 -1.5112
39.9000 -1.5159
40.0000 -1.5213
40.1000 -1.5275
40.2000 -1.5345
40.3000 -1.5423
40.4000 -1.5509
40.5000 -1.5602
40.6000 -1.5703
40.7000 -1.5813
40.8000 -1.5929
40.9000 -1.6053
41.0000 -1.6185
41.1000 -1.6325
41.2000 -1.6472
41.3000 -1.6626
41.4000 -1.6788
41.5000 -1.6957
41.6000 -1.7133
41.7000 -1.7316
41.8000 -1.7506
41.9000 -1.7704
42.0000 -1.7908
42.1000 -1.8119
42.2000 -1.8337
42.3000 -1.8562
42.4000 -1.8793
42.5000 -1.9030
42.6000 -1.9274
42.7000 -1.9525
42.8000 -1.9781
42.9000 -2.0044
43.0000 -2.0312
43.1000 -2.0586
43.2000 -2.0867
43.3000 -2.1152
43.4000 -2.1444
43.5000 -2.1741
43.6000 -2.2043
43.7000 -2.2350
43.8000 -2.2662
43.9000 -2.2980
44.0000 -2.3302
44.1000 -2.3628
44.2000 -2.3960
44.3000 -2.4295
44.4000 -2.4635
44.5000 -2.4980
44.6000 -2.5328
44.7000 -2.5680
44.8000 -2.6036
44.9000 -2.6395
45.0000 -2.6758
45.1000 -2.7124
45.2000 -2.7493
45.3000 -2.7865
45.4000 -2.8240
45.5000 -2.8618
45.6000 -2.8998
45.7000 -2.9381
45.8000 -2.9766
45.9000 -3.0153
46.0000 -3.0542
46.1000 -3.0933
46.2000 -3.1325
46.3000 -3.1719
46.4000 -3.2115
46.5000 -3.2511
46.6000 -3.2908
46.7000 -3.3306
46.8000 -3.3705
46.9000 -3.4105
47.0000 -3.4504
47.1000 -3.4904
47.2000 -3.5304
47.3000 -3.5704
47.4000 -3.6104
47.5000 -3.6503
47.6000 -3.6902
47.7000 -3.7299
47.8000 -3.7696
47.9000 -3.8092
48.0000 -3.8487
48.1000 -3.8880
48.2000 -3.9271
48.3000 -3.9661
48.4000 -4.0049
48.5000 -4.0435
48.6000 -4.0819
48.7000 -4.1201
48.8000 -4.1580
48.9000 -4.1956
49.0000 -4.2330
49.1000 -4.2700
49.2000 -4.3068
49.3000 -4.3432
49.4000 -4.3793
49.5000 -4.4151
49.6000 -4.4505
49.7000 -4.4855
49.8000 -4.5201
49.9000 -4.5543
50.0000 -4.5880
50.1000 -4.6214
50.2000 -4.6543
50.3000 -4.6867
50.4000 -4.7187
50.5000 -4.7501
50.6000 -4.7811
50.7000 -4.8116
50.8000 -4.8415
50.9000 -4.8709
51.0000 -4.8997
51.1000 -4.9280
51.2000 -4.9558
51.3000 -4.9829
51.4000 -5.0094
51.5000 -5.0354
51.6000 -5.0607
51.7000 -5.0854
51.8000 -5.1095
51.9000 -5.1329
52.0000 -5.1557
52.1000 -5.1778
52.2000 -5.1992
52.3000 -5.2200
52.4000 -5.2400
52.5000 -5.2594
52.6000 -5.2781
52.7000 -5.2960
52.8000 -5.3133
52.9000 -5.3298
53.0000 -5.3456
53.1000 -5.3606
53.2000 -5.3749
53.3000 -5.3884
53.4000 -5.4012
53.5000 -5.4133
53.6000 -5.4245
53.7000 -5.4350
53.8000 -5.4448
53.9000 -5.4537
54.0000 -5.4619
54.1000 -5.4693
54.2000 -5.4758
54.3000 -5.4816
54.4000 -5.4867
54.5000 -5.4909
54.6000 -5.4943
54.7000 -5.4969
54.8000 -5.4987
54.9000 -5.4998
55.0000 -5.5000
55.1000 -5.4994
55.2000 -5.4980
55.3000 -5.4959
55.4000 -5.4929
55.5000 -5.4891
55.6000 -5.4845
55.7000 -5.4792
55.8000 -5.4730
55.9000 -5.4661
56.0000 -5.4584
56.1000 -5.4498
56.2000 -5.4406
56.3000 -5.4305
56.4000 -5.4196
56.5000 -5.4080
56.6000 -5.3957
56.7000 -5.3825
56.8000 -5.3687
56.9000 -5.3540
57.0000 -5.3387
57.1000 -5.3226
57.2000 -5.3057
57.3000 -5.2882
57.4000 -5.2699
57.5000 -5.2509
57.6000 -5.2312
57.7000 -5.2108
57.8000 -5.1898
57.9000 -5.1681
58.0000 -5.1457
58.1000 -5.1226
58.2000 -5.0989
58.3000 -5.0745
58.4000 -5.0496
58.5000 -5.0240
58.6000 -4.9978
58.7000 -4.9710
58.8000 -4.9436
58.9000 -4.9156
59.0000 -4.8871
59.1000 -4.8580
59.2000 -4.8283
59.3000 -4.7982
59.4000 -4.7675
59.5000 -4.7363
59.6000 -4.7046
59.7000 -4.6724
59.8000 -4.6398
59.9000 -4.6067
60.0000 -4.5731
