timescale 0.5
-60.0000 -5.6250
-59.7000 -5.6250
-59.4000 -5.6250
-59.1000 -5.6250
-58.8000 -5.6250
-58.5000 -5.6250
-58.2000 -5.6250
-57.9000 -5.6250
-57.6000 -5.6250
-57.3000 -5.6250
-57.0000 -5.6250
-56.7000 -5.6250
-56.4000 -5.6250
-56.1000 -5.6250
-55.8000 -5.6250
-55.5000 -5.6250
-55.2000 -5.6250
-54.9000 -5.6250
-54.6000 -5.6250
-54.3000 -5.6250
-54.0000 -5.6250
-53.7000 -5.6250
-53.4000 -5.6250
-53.1000 -5.6250
-52.8000 -5.6250
-52.5000 -5.6250
-52.2000 -5.6250
-51.9000 -5.6250
-51.6000 -5.6250
-51.3000 -5.6250
-51.0000 -5.6250
-50.7000 -5.6250
-50.4000 -5.6250
-50.1000 -5.6250
-49.8000 -5.6250
-49.5000 -5.6250
-49.2000 -5.6250
-48.9000 -5.6250
-48.6000 -5.6250
-48.3000 -5.6250
-48.0000 -5.6250
-47.7000 -5.6250
-47.4000 -5.6250
-47.1000 -5.6250
-46.8000 -5.6250
-46.5000 -5.6250
-46.2000 -5.6250
-45.9000 -5.6250
-45.6000 -5.6250
-45.3000 -5.6250
-45.0000 -5.6250
-45.0000 -5.6250
-44.7000 -5.6167
-44.4000 -5.5918
-44.1000 -5.5506
-43.8000 -5.4933
-43.5000 -5.4206
-43.2000 -5.3331
-42.9000 -5.2315
-42.6000 -5.1168
-42.3000 -4.9900
-42.0000 -4.8521
-41.7000 -4.7045
-41.4000 -4.5483
-41.1000 -4.3851
-40.8000 -4.2163
-40.5000 -4.0433
-40.2000 -3.8677
-39.9000 -3.6911
-39.6000 -3.5150
-39.3000 -3.3410
-39.0000 -3.1706
-38.7000 -3.0053
-38.4000 -2.8467
-38.1000 -2.6961
-37.8000 -2.5548
-37.5000 -2.4242
-37.2000 -2.3053
-36.9000 -2.1992
-36.6000 -2.1069
-36.3000 -2.0292
-36.0000 -1.9668
-35.7000 -1.9202
-35.4000 -1.8898
-35.1000 -1.8759
-35.0000 -1.8750
-34.7000 -1.8750
-34.4000 -1.8750
-34.1000 -1.8750
-33.8000 -1.8750
-33.5000 -1.8750
-33.2000 -1.8750
-32.9000 -1.8750
-32.6000 -1.8750
-32.3000 -1.8750
-32.0000 -1.8750
-31.7000 -1.8750
-31.4000 -1.8750
-31.1000 -1.8750
-30.8000 -1.8750
-30.5000 -1.8750
-30.2000 -1.8750
-29.9000 -1.8750
-29.6000 -1.8750
-29.3000 -1.8750
-29.0000 -1.8750
-28.7000 -1.8750
-28.4000 -1.8750
-28.1000 -1.8750
-27.8000 -1.8750
-27.5000 -1.8750
-27.2000 -1.8750
-26.9000 -1.8750
-26.6000 -1.8750
-26.3000 -1.8750
-26.0000 -1.8750
-25.7000 -1.8750
-25.4000 -1.8750
-25.1000 -1.8750
-24.8000 -1.8750
-24.5000 -1.8750
-24.2000 -1.8750
-23.9000 -1.8750
-23.6000 -1.8750
-23.3000 -1.8750
-23.0000 -1.8750
-22.7000 -1.8750
-22.4000 -1.8750
-22.1000 -1.8750
-21.8000 -1.8750
-21.5000 -1.8750
-21.2000 -1.8750
-20.9000 -1.8750
-20.6000 -1.8750
-20.3000 -1.8750
-20.0000 -1.8750
-19.7000 -1.8750
-19.4000 -1.8750
-19.1000 -1.8750
-18.8000 -1.8750
-18.5000 -1.8750
-18.2000 -1.8750
-17.9000 -1.8750
-17.6000 -1.8750
-17.3000 -1.8750
-17.0000 -1.8750
-16.7000 -1.8750
-16.4000 -1.8750
-16.1000 -1.8750
-15.8000 -1.8750
-15.5000 -1.8750
-15.2000 -1.8750
-14.9000 -1.8750
-14.6000 -1.8750
-14.3000 -1.8750
-14.0000 -1.8750
-13.7000 -1.8750
-13.4000 -1.8750
-13.1000 -1.8750
-12.8000 -1.8750
-12.5000 -1.8750
-12.2000 -1.8750
-11.9000 -1.8750
-11.6000 -1.8750
-11.3000 -1.8750
-11.0000 -1.8750
-10.7000 -1.8750
-10.4000 -1.8750
-10.1000 -1.8750
-9.8000 -1.8750
-9.5000 -1.8750
-9.2000 -1.8750
-8.9000 -1.8750
-8.6000 -1.8750
-8.3000 -1.8750
-8.0000 -1.8750
-7.7000 -1.8750
-7.5000 -1.8750
-7.2001 -1.8702
-6.9004 -1.8558
-6.6014 -1.8318
-6.3033 -1.7983
-6.0064 -1.7553
-5.7110 -1.7027
-5.4175 -1.6408
-5.1261 -1.5695
-4.8372 -1.4889
-4.5509 -1.3991
-4.2677 -1.3002
-3.9878 -1.1923
-3.7115 -1.0754
-3.4391 -0.9498
-3.1708 -0.8156
-2.9070 -0.6728
-2.6478 -0.5217
-2.3937 -0.3623
-2.1447 -0.1949
-1.9013 -0.0196
-1.6636 0.1633
-1.4318 0.3538
-1.2063 0.5516
-0.9872 0.7565
-0.7748 0.9684
-0.5693 1.1869
-0.3708 1.4119
-0.1797 1.6431
0.0040 1.8803
0.1799 2.1233
0.3480 2.3717
0.5081 2.6254
0.6599 2.8841
0.8034 3.1476
0.9384 3.4155
1.0648 3.6876
1.1824 3.9635
1.2911 4.2431
1.3908 4.5261
1.4814 4.8120
1.5628 5.1008
1.6349 5.3920
1.6977 5.6853
1.7510 5.9805
1.7949 6.2773
1.8293 6.5753
1.8541 6.8743
1.8693 7.1739
1.8750 7.4738
1.8750 7.5000
1.8750 7.8000
1.8750 8.1000
1.8750 8.4000
1.8750 8.7000
1.8750 9.0000
1.8750 9.3000
1.8750 9.6000
1.8750 9.9000
1.8750 10.2000
1.8750 10.5000
1.8750 10.8000
1.8750 11.1000
1.8750 11.4000
1.8750 11.7000
1.8750 12.0000
1.8750 12.3000
1.8750 12.6000
1.8750 12.9000
1.8750 13.2000
1.8750 13.5000
1.8750 13.8000
1.8750 14.1000
1.8750 14.4000
1.8750 14.7000
1.8750 15.0000
1.8750 15.3000
1.8750 15.6000
1.8750 15.9000
1.8750 16.2000
1.8750 16.5000
1.8750 16.8000
1.8750 17.1000
1.8750 17.4000
1.8750 17.7000
1.8750 18.0000
1.8750 18.3000
1.8750 18.6000
1.8750 18.9000
1.8750 19.2000
1.8750 19.5000
1.8750 19.8000
1.8750 20.1000
1.8750 20.4000
1.8750 20.7000
1.8750 21.0000
1.8750 21.3000
1.8750 21.6000
1.8750 21.9000
1.8750 22.2000
1.8750 22.5000
1.8750 22.8000
1.8750 23.1000
1.8750 23.4000
1.8750 23.7000
1.8750 24.0000
1.8750 24.3000
1.8750 24.6000
1.8750 24.9000
1.8750 25.2000
1.8750 25.5000
1.8750 25.8000
1.8750 26.1000
1.8750 26.4000
1.8750 26.7000
1.8750 27.0000
1.8750 27.3000
1.8750 27.6000
1.8750 27.9000
1.8750 28.2000
1.8750 28.5000
1.8750 28.8000
1.8750 29.1000
1.8750 29.4000
1.8750 29.7000
1.8750 30.0000
1.8750 30.3000
1.8750 30.6000
1.8750 30.9000
1.8750 31.2000
1.8750 31.5000
1.8750 31.8000
1.8750 32.1000
1.8750 32.4000
1.8750 32.7000
1.8750 33.0000
1.8750 33.3000
1.8750 33.6000
1.8750 33.9000
1.8750 34.2000
1.8750 34.5000
1.8750 34.8000
1.8750 35.1000
1.8750 35.4000
1.8750 35.7000
1.8750 36.0000
1.8750 36.3000
1.8750 36.6000
1.8750 36.9000
1.8750 37.2000
1.8750 37.5000
1.8750 37.8000
1.8750 38.1000
1.8750 38.4000
1.8750 38.7000
1.8750 39.0000
1.8750 39.3000
1.8750 39.6000
1.8750 39.9000
1.8750 40.2000
1.8750 40.5000
1.8750 40.8000
1.8750 41.1000
1.8750 41.4000
1.8750 41.7000
1.8750 42.0000
1.8750 42.3000
1.8750 42.6000
1.8750 42.9000
1.8750 43.2000
1.8750 43.5000
1.8750 43.8000
1.8750 44.1000
1.8750 44.4000
1.8750 44.7000
1.8750 45.0000
1.8750 45.3000
1.8750 45.6000
1.8750 45.9000
1.8750 46.2000
1.8750 46.5000
1.8750 46.8000
1.8750 47.1000
1.8750 47.4000
1.8750 47.7000
1.8750 48.0000
1.8750 48.3000
1.8750 48.6000
1.8750 48.9000
1.8750 49.2000
1.8750 49.5000
1.8750 49.8000
