timescale 0.5
-5.6250 30.0000
-5.6250 29.9000
-5.6250 29.8000
-5.6250 29.7000
-5.6250 29.6000
-5.6250 29.5000
-5.6250 29.4000
-5.6250 29.3000
-5.6250 29.2000
-5.6250 29.1000
-5.6250 29.0000
-5.6250 28.9000
-5.6250 28.8000
-5.6250 28.7000
-5.6250 28.6000
-5.6250 28.5000
-5.6250 28.4000
-5.6250 28.3000
-5.6250 28.2000
-5.6250 28.1000
-5.6250 28.0000
-5.6250 27.9000
-5.6250 27.8000
-5.6250 27.7000
-5.6250 27.6000
-5.6250 27.5000
-5.6250 27.4000
-5.6250 27.3000
-5.6250 27.2000
-5.6250 27.1000
-5.6250 27.0000
-5.6250 26.9000
-5.6250 26.8000
-5.6250 26.7000
-5.6250 26.6000
-5.6250 26.5000
-5.6250 26.4000
-5.6250 26.3000
-5.6250 26.2000
-5.6250 26.1000
-5.6250 26.0000
-5.6250 25.9000
-5.6250 25.8000
-5.6250 25.7000
-5.6250 25.6000
-5.6250 25.5000
-5.6250 25.4000
-5.6250 25.3000
-5.6250 25.2000
-5.6250 25.1000
-5.6250 25.0000
-5.6250 24.9000
-5.6250 24.8000
-5.6250 24.7000
-5.6250 24.6000
-5.6250 24.5000
-5.6250 24.4000
-5.6250 24.3000
-5.6250 24.2000
-5.6250 24.1000
-5.6250 24.0000
-5.6250 23.9000
-5.6250 23.8000
-5.6250 23.7000
-5.6250 23.6000
-5.6250 23.5000
-5.6250 23.4000
-5.6250 23.3000
-5.6250 23.2000
-5.6250 23.1000
-5.6250 23.0000
-5.6250 22.9000
-5.6250 22.8000
-5.6250 22.7000
-5.6250 22.6000
-5.6250 22.5000
-5.6250 22.4000
-5.6250 22.3000
-5.6250 22.2000
-5.6250 22.1000
-5.6250 22.0000
-5.6250 21.9000
-5.6250 21.8000
-5.6250 21.7000
-5.6250 21.6000
-5.6250 21.5000
-5.6250 21.4000
-5.6250 21.3000
-5.6250 21.2000
-5.6250 21.1000
-5.6250 21.0000
-5.6250 20.9000
-5.6250 20.8000
-5.6250 20.7000
-5.6250 20.6000
-5.6250 20.5000
-5.6250 20.4000
-5.6250 20.3000
-5.6250 20.2000
-5.6250 20.1000
-5.6250 20.0000
-5.6250 19.9000
-5.6250 19.8000
-5.6250 19.7000
-5.6250 19.6000
-5.6250 19.5000
-5.6250 19.4000
-5.6250 19.3000
-5.6250 19.2000
-5.6250 19.1000
-5.6250 19.0000
-5.6250 18.9000
-5.6250 18.8000
-5.6250 18.7000
-5.6250 18.6000
-5.6250 18.5000
-5.6250 18.4000
-5.6250 18.3000
-5.6250 18.2000
-5.6250 18.1000
-5.6250 18.0000
-5.6250 17.9000
-5.6250 17.8000
-5.6250 17.7000
-5.6250 17.6000
-5.6250 17.5000
-5.6250 17.4000
-5.6250 17.3000
-5.6250 17.2000
-5.6250 17.1000
-5.6250 17.0000
-5.6250 16.9000
-5.6250 16.8000
-5.6250 16.7000
-5.6250 16.6000
-5.6250 16.5000
-5.6250 16.4000
-5.6250 16.3000
-5.6250 16.2000
-5.6250 16.1000
-5.6250 16.0000
-5.6250 15.9000
-5.6250 15.8000
-5.6250 15.7000
-5.6250 15.6000
-5.6250 15.5000
-5.6250 15.4000
-5.6250 15.3000
-5.6250 15.2000
-5.6250 15.1000
-5.6250 15.0000
-5.6250 14.9000
-5.6250 14.8000
-5.6250 14.7000
-5.6250 14.6000
-5.6250 14.5000
-5.6250 14.4000
-5.6250 14.3000
-5.6250 14.2000
-5.6250 14.1000
-5.6250 14.0000
-5.6250 13.9000
-5.6250 13.8000
-5.6250 13.7000
-5.6250 13.6000
-5.6250 13.5000
-5.6250 13.4000
-5.6250 13.3000
-5.6250 13.2000
-5.6250 13.1000
-5.6250 13.0000
-5.6250 12.9000
-5.6250 12.8000
-5.6250 12.7000
-5.6250 12.6000
-5.6250 12.5000
-5.6250 12.4000
-5.6250 12.3000
-5.6250 12.2000
-5.6250 12.1000
-5.6250 12.0000
-5.6250 11.9000
-5.6250 11.8000
-5.6250 11.7000
-5.6250 11.6000
-5.6250 11.5000
-5.6250 11.4000
-5.6250 11.3000
-5.6250 11.2000
-5.6250 11.1000
-5.6250 11.0000
-5.6250 10.9000
-5.6250 10.8000
-5.6250 10.7000
-5.6250 10.6000
-5.6250 10.5000
-5.6250 10.4000
-5.6250 10.3000
-5.6250 10.2000
-5.6250 10.1000
-5.6250 10.0000
-5.6250 9.9000
-5.6250 9.8000
-5.6250 9.7000
-5.6250 9.6000
-5.6250 9.5000
-5.6250 9.4000
-5.6250 9.3000
-5.6250 9.2000
-5.6250 9.1000
-5.6250 9.0000
-5.6250 8.9000
-5.6250 8.8000
-5.6250 8.7000
-5.6250 8.6000
-5.6250 8.5000
-5.6250 8.4000
-5.6250 8.3000
-5.6250 8.2000
-5.6250 8.1000
-5.6250 8.0000
-5.6250 7.9000
-5.6250 7.8000
-5.6250 7.7000
-5.6250 7.6000
-5.6250 7.5000
-5.6250 7.5000
-5.6277 7.4000
-5.6357 7.3004
-5.6489 7.2013
-5.6675 7.1030
-5.6913 7.0059
-5.7202 6.9102
-5.7542 6.8161
-5.7931 6.7241
-5.8369 6.6342
-5.8854 6.5467
-5.9385 6.4620
-5.9961 6.3803
-6.0579 6.3017
-6.1238 6.2265
-6.1937 6.1550
-6.2672 6.0872
-6.3443 6.0235
-6.4247 5.9640
-6.5081 5.9089
-6.5943 5.8583
-6.6831 5.8123
-6.7742 5.7712
-6.8674 5.7349
-6.9624 5.7037
-7.0589 5.6776
-7.1567 5.6567
-7.2555 5.6410
-7.3549 5.6306
-7.4548 5.6255
-7.5000 5.6250
-7.6000 5.6250
-7.7000 5.6250
-7.8000 5.6250
-7.9000 5.6250
-8.0000 5.6250
-8.1000 5.6250
-8.2000 5.6250
-8.3000 5.6250
-8.4000 5.6250
-8.5000 5.6250
-8.6000 5.6250
-8.7000 5.6250
-8.8000 5.6250
-8.9000 5.6250
-9.0000 5.6250
-9.1000 5.6250
-9.2000 5.6250
-9.3000 5.6250
-9.4000 5.6250
-9.5000 5.6250
-9.6000 5.6250
-9.7000 5.6250
-9.8000 5.6250
-9.9000 5.6250
-10.0000 5.6250
-10.1000 5.6250
-10.2000 5.6250
-10.3000 5.6250
-10.4000 5.6250
-10.5000 5.6250
-10.6000 5.6250
-10.7000 5.6250
-10.8000 5.6250
-10.9000 5.6250
-11.0000 5.6250
-11.1000 5.6250
-11.2000 5.6250
-11.3000 5.6250
-11.4000 5.6250
-11.5000 5.6250
-11.6000 5.6250
-11.7000 5.6250
-11.8000 5.6250
-11.9000 5.6250
-12.0000 5.6250
-12.1000 5.6250
-12.2000 5.6250
-12.3000 5.6250
-12.4000 5.6250
-12.5000 5.6250
-12.6000 5.6250
-12.7000 5.6250
-12.8000 5.6250
-12.9000 5.6250
-13.0000 5.6250
-13.1000 5.6250
-13.2000 5.6250
-13.3000 5.6250
-13.4000 5.6250
-13.5000 5.6250
-13.6000 5.6250
-13.7000 5.6250
-13.8000 5.6250
-13.9000 5.6250
-14.0000 5.6250
-14.1000 5.6250
-14.2000 5.6250
-14.3000 5.6250
-14.4000 5.6250
-14.5000 5.6250
-14.6000 5.6250
-14.7000 5.6250
-14.8000 5.6250
-14.9000 5.6250
-15.0000 5.6250
-15.1000 5.6250
-15.2000 5.6250
-15.3000 5.6250
-15.4000 5.6250
-15.5000 5.6250
-15.6000 5.6250
-15.7000 5.6250
-15.8000 5.6250
-15.9000 5.6250
-16.0000 5.6250
-16.1000 5.6250
-16.2000 5.6250
-16.3000 5.6250
-16.4000 5.6250
-16.5000 5.6250
-16.6000 5.6250
-16.7000 5.6250
-16.8000 5.6250
-16.9000 5.6250
-17.0000 5.6250
-17.1000 5.6250
-17.2000 5.6250
-17.3000 5.6250
-17.4000 5.6250
-17.5000 5.6250
-17.6000 5.6250
-17.7000 5.6250
-17.8000 5.6250
-17.9000 5.6250
-18.0000 5.6250
-18.1000 5.6250
-18.2000 5.6250
-18.3000 5.6250
-18.4000 5.6250
-18.5000 5.6250
-18.6000 5.6250
-18.7000 5.6250
-18.8000 5.6250
-18.9000 5.6250
-19.0000 5.6250
-19.1000 5.6250
-19.2000 5.6250
-19.3000 5.6250
-19.4000 5.6250
-19.5000 5.6250
-19.6000 5.6250
-19.7000 5.6250
-19.8000 5.6250
-19.9000 5.6250
-20.0000 5.6250
-20.1000 5.6250
-20.2000 5.6250
-20.3000 5.6250
-20.4000 5.6250
-20.5000 5.6250
-20.6000 5.6250
-20.7000 5.6250
-20.8000 5.6250
-20.9000 5.6250
-21.0000 5.6250
-21.1000 5.6250
-21.2000 5.6250
-21.3000 5.6250
-21.4000 5.6250
-21.5000 5.6250
-21.6000 5.6250
-21.7000 5.6250
-21.8000 5.6250
-21.9000 5.6250
-22.0000 5.6250
-22.1000 5.6250
-22.2000 5.6250
-22.3000 5.6250
-22.4000 5.6250
-22.5000 5.6250
-22.6000 5.6250
-22.7000 5.6250
-22.8000 5.6250
-22.9000 5.6250
-23.0000 5.6250
-23.1000 5.6250
-23.2000 5.6250
-23.3000 5.6250
-23.4000 5.6250
-23.5000 5.6250
-23.6000 5.6250
-23.7000 5.6250
-23.8000 5.6250
-23.9000 5.6250
-24.0000 5.6250
-24.1000 5.6250
-24.2000 5.6250
-24.3000 5.6250
-24.4000 5.6250
-24.5000 5.6250
-24.6000 5.6250
-24.7000 5.6250
-24.8000 5.6250
-24.9000 5.6250
-25.0000 5.6250
-25.1000 5.6250
-25.2000 5.6250
-25.3000 5.6250
-25.4000 5.6250
-25.5000 5.6250
-25.6000 5.6250
-25.7000 5.6250
-25.8000 5.6250
-25.9000 5.6250
-26.0000 5.6250
-26.1000 5.6250
-26.2000 5.6250
-26.3000 5.6250
-26.4000 5.6250
-26.5000 5.6250
-26.6000 5.6250
-26.7000 5.6250
-26.8000 5.6250
-26.9000 5.6250
-27.0000 5.6250
-27.1000 5.6250
-27.2000 5.6250
-27.3000 5.6250
-27.4000 5.6250
-27.5000 5.6250
-27.6000 5.6250
-27.7000 5.6250
-27.8000 5.6250
-27.9000 5.6250
-28.0000 5.6250
-28.1000 5.6250
-28.2000 5.6250
-28.3000 5.6250
-28.4000 5.6250
-28.5000 5.6250
-28.6000 5.6250
-28.7000 5.6250
-28.8000 5.6250
-28.9000 5.6250
-29.0000 5.6250
-29.1000 5.6250
-29.2000 5.6250
-29.3000 5.6250
-29.4000 5.6250
-29.5000 5.6250
-29.6000 5.6250
-29.7000 5.6250
-29.8000 5.6250
-29.9000 5.6250
-30.0000 5.6250
-30.1000 5.6250
-30.2000 5.6250
-30.3000 5.6250
-30.4000 5.6250
-30.5000 5.6250
-30.6000 5.6250
-30.7000 5.6250
-30.8000 5.6250
-30.9000 5.6250
-31.0000 5.6250
-31.1000 5.6250
-31.2000 5.6250
-31.3000 5.6250
-31.4000 5.6250
-31.5000 5.6250
-31.6000 5.6250
-31.7000 5.6250
-31.8000 5.6250
-31.9000 5.6250
-32.0000 5.6250
-32.1000 5.6250
-32.2000 5.6250
-32.3000 5.6250
-32.4000 5.6250
-32.5000 5.6250
-32.6000 5.6250
-32.7000 5.6250
-32.8000 5.6250
-32.9000 5.6250
-33.0000 5.6250
-33.1000 5.6250
-33.2000 5.6250
-33.3000 5.6250
-33.4000 5.6250
-33.5000 5.6250
-33.6000 5.6250
-33.7000 5.6250
-33.8000 5.6250
-33.9000 5.6250
-34.0000 5.6250
-34.1000 5.6250
-34.2000 5.6250
-34.3000 5.6250
-34.4000 5.6250
-34.5000 5.6250
-34.6000 5.6250
-34.7000 5.6250
-34.8000 5.6250
-34.9000 5.6250
-35.0000 5.6250
-35.1000 5.6250
-35.2000 5.6250
-35.3000 5.6250
-35.4000 5.6250
-35.5000 5.6250
-35.6000 5.6250
-35.7000 5.6250
-35.8000 5.6250
-35.9000 5.6250
-36.0000 5.6250
-36.1000 5.6250
-36.2000 5.6250
-36.3000 5.6250
-36.4000 5.6250
-36.5000 5.6250
-36.6000 5.6250
-36.7000 5.6250
-36.8000 5.6250
-36.9000 5.6250
-37.0000 5.6250
-37.1000 5.6250
-37.2000 5.6250
-37.3000 5.6250
-37.4000 5.6250
-37.5000 5.6250
-37.6000 5.6250
-37.7000 5.6250
-37.8000 5.6250
-37.9000 5.6250
-38.0000 5.6250
-38.1000 5.6250
-38.2000 5.6250
-38.3000 5.6250
-38.4000 5.6250
-38.5000 5.6250
-38.6000 5.6250
-38.7000 5.6250
-38.8000 5.6250
-38.9000 5.6250
-39.0000 5.6250
-39.1000 5.6250
-39.2000 5.6250
-39.3000 5.6250
-39.4000 5.6250
-39.5000 5.6250
-39.6000 5.6250
-39.7000 5.6250
-39.8000 5.6250
-39.9000 5.6250
-40.0000 5.6250
-40.1000 5.6250
-40.2000 5.6250
-40.3000 5.6250
-40.4000 5.6250
-40.5000 5.6250
-40.6000 5.6250
-40.7000 5.6250
-40.8000 5.6250
-40.9000 5.6250
-41.0000 5.6250
-41.1000 5.6250
-41.2000 5.6250
-41.3000 5.6250
-41.4000 5.6250
-41.5000 5.6250
-41.6000 5.6250
-41.7000 5.6250
-41.8000 5.6250
-41.9000 5.6250
-42.0000 5.6250
-42.1000 5.6250
-42.2000 5.6250
-42.3000 5.6250
-42.4000 5.6250
-42.5000 5.6250
-42.6000 5.6250
-42.7000 5.6250
-42.8000 5.6250
-42.9000 5.6250
-43.0000 5.6250
-43.1000 5.6250
-43.2000 5.6250
-43.3000 5.6250
-43.4000 5.6250
-43.5000 5.6250
-43.6000 5.6250
-43.7000 5.6250
-43.8000 5.6250
-43.9000 5.6250
-44.0000 5.6250
-44.1000 5.6250
-44.2000 5.6250
-44.3000 5.6250
-44.4000 5.6250
-44.5000 5.6250
-44.6000 5.6250
-44.7000 5.6250
-44.8000 5.6250
-44.9000 5.6250
-45.0000 5.6250
-45.1000 5.6250
-45.2000 5.6250
-45.3000 5.6250
-45.4000 5.6250
-45.5000 5.6250
-45.6000 5.6250
-45.7000 5.6250
-45.8000 5.6250
-45.9000 5.6250
-46.0000 5.6250
-46.1000 5.6250
-46.2000 5.6250
-46.3000 5.6250
-46.4000 5.6250
-46.5000 5.6250
-46.6000 5.6250
-46.7000 5.6250
-46.8000 5.6250
-46.9000 5.6250
-47.0000 5.6250
-47.1000 5.6250
-47.2000 5.6250
-47.3000 5.6250
-47.4000 5.6250
-47.5000 5.6250
-47.6000 5.6250
-47.7000 5.6250
-47.8000 5.6250
-47.9000 5.6250
-48.0000 5.6250
-48.1000 5.6250
-48.2000 5.6250
-48.3000 5.6250
-48.4000 5.6250
-48.5000 5.6250
-48.6000 5.6250
-48.7000 5.6250
-48.8000 5.6250
-48.9000 5.6250
-49.0000 5.6250
-49.1000 5.6250
-49.2000 5.6250
-49.3000 5.6250
-49.4000 5.6250
-49.5000 5.6250
-49.6000 5.6250
-49.7000 5.6250
-49.8000 5.6250
-49.9000 5.6250
-50.0000 5.6250
-50.1000 5.6250
-50.2000 5.6250
-50.3000 5.6250
-50.4000 5.6250
-50.5000 5.6250
-50.6000 5.6250
-50.7000 5.6250
-50.8000 5.6250
-50.9000 5.6250
-51.0000 5.6250
-51.1000 5.6250
-51.2000 5.6250
-51.3000 5.6250
-51.4000 5.6250
-51.5000 5.6250
-51.6000 5.6250
-51.7000 5.6250
-51.8000 5.6250
-51.9000 5.6250
-52.0000 5.6250
-52.1000 5.6250
-52.2000 5.6250
-52.3000 5.6250
-52.4000 5.6250
-52.5000 5.6250
-52.6000 5.6250
-52.7000 5.6250
-52.8000 5.6250
-52.9000 5.6250
-53.0000 5.6250
-53.1000 5.6250
-53.2000 5.6250
-53.3000 5.6250
-53.4000 5.6250
-53.5000 5.6250
-53.6000 5.6250
-53.7000 5.6250
-53.8000 5.6250
-53.9000 5.6250
-54.0000 5.6250
-54.1000 5.6250
-54.2000 5.6250
-54.3000 5.6250
-54.4000 5.6250
-54.5000 5.6250
-54.6000 5.6250
-54.7000 5.6250
-54.8000 5.6250
-54.9000 5.6250
-55.0000 5.6250
-55.1000 5.6250
-55.2000 5.6250
-55.3000 5.6250
-55.4000 5.6250
-55.5000 5.6250
-55.6000 5.6250
-55.7000 5.6250
-55.8000 5.6250
-55.9000 5.6250
-56.0000 5.6250
-56.1000 5.6250
-56.2000 5.6250
-56.3000 5.6250
-56.4000 5.6250
-56.5000 5.6250
-56.6000 5.6250
-56.7000 5.6250
-56.8000 5.6250
-56.9000 5.6250
-57.0000 5.6250
-57.1000 5.6250
-57.2000 5.6250
-57.3000 5.6250
-57.4000 5.6250
-57.5000 5.6250
-57.6000 5.6250
-57.7000 5.6250
-57.8000 5.6250
-57.9000 5.6250
-58.0000 5.6250
-58.1000 5.6250
-58.2000 5.6250
-58.3000 5.6250
-58.4000 5.6250
-58.5000 5.6250
-58.6000 5.6250
-58.7000 5.6250
-58.8000 5.6250
-58.9000 5.6250
-59.0000 5.6250
-59.1000 5.6250
-59.2000 5.6250
-59.3000 5.6250
-59.4000 5.6250
-59.5000 5.6250
-59.6000 5.6250
-59.7000 5.6250
-59.8000 5.6250
-59.9000 5.6250
-60.0000 5.6250
-60.1000 5.6250
-60.2000 5.6250
-60.3000 5.6250
-60.4000 5.6250
-60.5000 5.6250
-60.6000 5.6250
-60.7000 5.6250
-60.8000 5.6250
-60.9000 5.6250
-61.0000 5.6250
-61.1000 5.6250
-61.2000 5.6250
-61.3000 5.6250
-61.4000 5.6250
-61.5000 5.6250
-61.6000 5.6250
-61.7000 5.6250
-61.8000 5.6250
-61.9000 5.6250
-62.0000 5.6250
-62.1000 5.6250
-62.2000 5.6250
-62.3000 5.6250
-62.4000 5.6250
-62.5000 5.6250
-62.6000 5.6250
-62.7000 5.6250
-62.8000 5.6250
-62.9000 5.6250
-63.0000 5.6250
-63.1000 5.6250
-63.2000 5.6250
-63.3000 5.6250
-63.4000 5.6250
-63.5000 5.6250
-63.6000 5.6250
-63.7000 5.6250
-63.8000 5.6250
-63.9000 5.6250
-64.0000 5.6250
-64.1000 5.6250
-64.2000 5.6250
-64.3000 5.6250
-64.4000 5.6250
-64.5000 5.6250
-64.6000 5.6250
-64.7000 5.6250
-64.8000 5.6250
-64.9000 5.6250
-65.0000 5.6250
-65.1000 5.6250
-65.2000 5.6250
-65.3000 5.6250
-65.4000 5.6250
-65.5000 5.6250
-65.6000 5.6250
-65.7000 5.6250
-65.8000 5.6250
-65.9000 5.6250
-66.0000 5.6250
-66.1000 5.6250
-66.2000 5.6250
-66.3000 5.6250
-66.4000 5.6250
-66.5000 5.6250
-66.6000 5.6250
-66.7000 5.6250
-66.8000 5.6250
-66.9000 5.6250
-67.0000 5.6250
-67.1000 5.6250
-67.2000 5.6250
-67.3000 5.6250
-67.4000 5.6250
-67.5000 5.6250
-67.6000 5.6250
-67.7000 5.6250
-67.8000 5.6250
-67.9000 5.6250
-68.0000 5.6250
-68.1000 5.6250
-68.2000 5.6250
-68.3000 5.6250
-68.4000 5.6250
-68.5000 5.6250
-68.6000 5.6250
-68.7000 5.6250
-68.8000 5.6250
-68.9000 5.6250
-69.0000 5.6250
-69.1000 5.6250
-69.2000 5.6250
-69.3000 5.6250
-69.4000 5.6250
-69.5000 5.6250
-69.6000 5.6250
-69.7000 5.6250
-69.8000 5.6250
-69.9000 5.6250
-70.0000 5.6250
-70.1000 5.6250
-70.2000 5.6250
-70.3000 5.6250
-70.4000 5.6250
-70.5000 5.6250
-70.6000 5.6250
-70.7000 5.6250
-70.8000 5.6250
-70.9000 5.6250
-71.0000 5.6250
-71.1000 5.6250
-71.2000 5.6250
-71.3000 5.6250
-71.4000 5.6250
-71.5000 5.6250
-71.6000 5.6250
-71.7000 5.6250
-71.8000 5.6250
-71.9000 5.6250
-72.0000 5.6250
-72.1000 5.6250
-72.2000 5.6250
-72.3000 5.6250
-72.4000 5.6250
-72.5000 5.6250
-72.6000 5.6250
-72.7000 5.6250
-72.8000 5.6250
-72.9000 5.6250
-73.0000 5.6250
-73.1000 5.6250
-73.2000 5.6250
-73.3000 5.6250
-73.4000 5.6250
-73.5000 5.6250
-73.6000 5.6250
-73.7000 5.6250
-73.8000 5.6250
-73.9000 5.6250
-74.0000 5.6250
-74.1000 5.6250
-74.2000 5.6250
-74.3000 5.6250
-74.4000 5.6250
-74.5000 5.6250
-74.6000 5.6250
-74.7000 5.6250
-74.8000 5.6250
-74.9000 5.6250
-75.0000 5.6250
-75.1000 5.6250
-75.2000 5.6250
-75.3000 5.6250
-75.4000 5.6250
-75.5000 5.6250
-75.6000 5.6250
-75.7000 5.6250
-75.8000 5.6250
-75.9000 5.6250
-76.0000 5.6250
-76.1000 5.6250
-76.2000 5.6250
-76.3000 5.6250
-76.4000 5.6250
-76.5000 5.6250
-76.6000 5.6250
-76.7000 5.6250
-76.8000 5.6250
-76.9000 5.6250
-77.0000 5.6250
-77.1000 5.6250
-77.2000 5.6250
-77.3000 5.6250
-77.4000 5.6250
-77.5000 5.6250
-77.6000 5.6250
-77.7000 5.6250
-77.8000 5.6250
-77.9000 5.6250
-78.0000 5.6250
-78.1000 5.6250
-78.2000 5.6250
-78.3000 5.6250
-78.4000 5.6250
-78.5000 5.6250
-78.6000 5.6250
-78.7000 5.6250
-78.8000 5.6250
-78.9000 5.6250
-79.0000 5.6250
-79.1000 5.6250
-79.2000 5.6250
-79.3000 5.6250
-79.4000 5.6250
-79.5000 5.6250
-79.6000 5.6250
-79.7000 5.6250
-79.8000 5.6250
-79.9000 5.6250
-80.0000 5.6250
